
      PRESCRIBED DATA
      1 Enter New Test Data
      2 Use Existing Test Data
      Enter your choice: 2

     Data entered is 2

     Is entry correct (Y/N)? y

      MAIN MENU
      1 Enter New Data for Network
      2 Generate Results and Display Output
      3 Quit Program
      Enter your choice: 2

     Data entered is 2

     Is entry correct (Y/N)? y


     ITERATION AND CONVERGENCE PARAMETERS

     Enter number of iterations:  300

     Data entered is 300

     Is entry correct (Y/N)? y

     Enter tolerance value:  0.045

     Data entered is 0.045

     Is entry correct (Y/N)? y



      Error = 0.0444482  Tolerance = 0.045

      Convergence achieved on cycle 18


     Pipe Number  Start Node  End Node  P. Length  P. Diameter   F/Factor
        1                1          3       29.63        0.1        0.010685
        2                2          3       3.71        0.15        0.01054
        3                3          4       52.57        0.15        0.01054
        4                4          5       9.08        0.15        0.01054
        5                5          6       67.07        0.15        0.01054
        6                6          27       15.79        0.15        0.01054
        7                7          8       28.63        0.1        0.010685
        8                7          9       36.32        0.15        0.01054
        9                9          10       9.07        0.15        0.01054
        10                10          11       40.14        0.15        0.01054
        11                10          13       150        0.09        0.010831
        12                9          14       150        0.1        0.010685
        13                6          17       150        0.1        0.010685
        14                5          28       149.99        0.09        0.010831
        15                4          30       149.99        0.1        0.010685
        16                2          25       249.8        0.1        0.010685
        17                13          12       37.88        0.1        0.010685
        18                14          13       9.07        0.1        0.010685
        19                14          15       13.72        0.1        0.010685
        20                16          15       9.07        0.1        0.010685
        21                26          16       16.55        0.1        0.010685
        22                12          19       99.8        0.1        0.010685
        23                15          21       99.8        0.1        0.010685
        24                16          22       99.8        0.09        0.010831
        25                30          23       99.8        0.1        0.010685
        26                17          26       15.79        0.1        0.010685
        27                19          18       11.59        0.1        0.010685
        28                29          20       24.37        0.09        0.010831
        29                29          21       58.83        0.1        0.010685
        30                22          21       9.07        0.1        0.010685
        31                23          22       108.49        0.1        0.010685
        32                23          24       28.59        0.09        0.010831
        33                23          25       56.28        0.1        0.010685
        34                27          7       3.04        0.15        0.01054
        35                30          28       9.08        0.1        0.010685
        36                19          29       1.85        0.1        0.010685
        37                26          27       150        0.09        0.010831

     Press any key to continue


     Node Number       Nodal Heads
         1                0.512605
         2                64.05
         3                0.208804
         4                0.365537
         5                0.358581
         6                0.0921685
         7                0.0158905
         8                0.013586
         9                0.0238063
         10                -0.00398203
         11                0.00579528
         12                0.000809565
         13                0.00350341
         14                0.000299198
         15                0.00767141
         16                0.00711568
         17                0.0142596
         18                0.00184203
         19                -0.00485924
         20                2.54226e-05
         21                0.00641979
         22                0.0103246
         23                0.0524045
         24                0.033472
         25                0.145694
         26                0.012024
         27                0.0771135
         28                0.070353
         29                0.00694471
         30                0.0708152

     Press any key to continue

     Node Number       Nodal Discharges
         1                0.00539281
         2                0.639916
         3                -0.62644
         4                0.0145191
         5                0.00700519
         6                -0.00353656
         7                -0.0226739
         8                -0.000477817
         9                0.0110274
         10                -0.0107726
         11                0.00230623
         12                -4.77347e-05
         13                0.0017373
         14                -0.00290229
         15                0.00184004
         16                -0.00156456
         17                -0.000580048
         18                0.00128063
         19                -0.00593619
         20                -0.000684934
         21                -0.00145274
         22                0.000286657
         23                -0.000796785
         24                -0.00104603
         25                -0.024769
         26                -0.00056329
         27                0.0172541
         28                -0.00216187
         29                0.00509819
         30                -0.00125747

     Press any key to continue

     Pipe Number    Pipe Discharges
         1                -0.00539281
         2                -0.612978
         3                0.00806848
         4                -0.00408983
         5                -0.00931312
         6                -0.00456279
         7                -0.000477817
         8                0.0021815
         9                -0.00817917
         10                0.00230623
         11                0.00028715
         12                -0.000666715
         13                -0.00121376
         14                -0.0017819
         15                -0.00236081
         16                -0.0269374
         17                -0.000449125
         18                0.00100102
         19                0.00123455
         20                0.000416886
         21                -0.000917177
         22                -0.000401391
         23                -0.000188607
         24                0.000230494
         25                -0.000723363
         26                -0.000633716
         27                0.00128063
         28                -0.000684934
         29                -0.000159086
         30                -0.00110505
         31                -0.00104889
         32                -0.00104603
         33                0.00216834
         34                -0.0209702
         35                -0.000379974
         36                0.00425417
         37                0.000846751

     Press any key to continue



     Is a printer ready (Y/N) ?y


               NETWORK ANALYSIS BY NON-LINEAR METHOD USING
                              DARCY-WEISBACH EQUATION


     ITERATION AND CONVERGENCE PARAMETERS
     Number of iterations:                     300
     Tolerance:                             0.0450
     Error:                                 0.0444
     Convergence achieved on cycle:             18


     Pipe Number  Start Node  End Node  P. Length  P. Diameter   F/Factor
         1               1          3        29.6300       0.1000       0.0107
         2               2          3         3.7100       0.1500       0.0105
         3               3          4        52.5700       0.1500       0.0105
         4               4          5         9.0800       0.1500       0.0105
         5               5          6        67.0700       0.1500       0.0105
         6               6         27        15.7900       0.1500       0.0105
         7               7          8        28.6300       0.1000       0.0107
         8               7          9        36.3200       0.1500       0.0105
         9               9         10         9.0700       0.1500       0.0105
        10              10         11        40.1400       0.1500       0.0105
        11              10         13       150.0000       0.0900       0.0108
        12               9         14       150.0000       0.1000       0.0107
        13               6         17       150.0000       0.1000       0.0107
        14               5         28       149.9900       0.0900       0.0108
        15               4         30       149.9900       0.1000       0.0107
        16               2         25       249.8000       0.1000       0.0107
        17              13         12        37.8800       0.1000       0.0107
        18              14         13         9.0700       0.1000       0.0107
        19              14         15        13.7200       0.1000       0.0107
        20              16         15         9.0700       0.1000       0.0107
        21              26         16        16.5500       0.1000       0.0107
        22              12         19        99.8000       0.1000       0.0107
        23              15         21        99.8000       0.1000       0.0107
        24              16         22        99.8000       0.0900       0.0108
        25              30         23        99.8000       0.1000       0.0107
        26              17         26        15.7900       0.1000       0.0107
        27              19         18        11.5900       0.1000       0.0107
        28              29         20        24.3700       0.0900       0.0108
        29              29         21        58.8300       0.1000       0.0107
        30              22         21         9.0700       0.1000       0.0107
        31              23         22       108.4900       0.1000       0.0107
        32              23         24        28.5900       0.0900       0.0108
        33              23         25        56.2800       0.1000       0.0107
        34              27          7         3.0400       0.1500       0.0105
        35              30         28         9.0800       0.1000       0.0107
        36              19         29         1.8500       0.1000       0.0107
        37              26         27       150.0000       0.0900       0.0108


     Node Number       Nodal Heads
         1             0.5126
         2            64.0500
         3             0.2088
         4             0.3655
         5             0.3586
         6             0.0922
         7             0.0159
         8             0.0136
         9             0.0238
        10            -0.0040
        11             0.0058
        12             0.0008
        13             0.0035
        14             0.0003
        15             0.0077
        16             0.0071
        17             0.0143
        18             0.0018
        19            -0.0049
        20             0.0000
        21             0.0064
        22             0.0103
        23             0.0524
        24             0.0335
        25             0.1457
        26             0.0120
        27             0.0771
        28             0.0704
        29             0.0069
        30             0.0708

     Node Number       Nodal Discharges
         1             0.0054
         2             0.6399
         3            -0.6264
         4             0.0145
         5             0.0070
         6            -0.0035
         7            -0.0227
         8            -0.0005
         9             0.0110
        10            -0.0108
        11             0.0023
        12            -0.0000
        13             0.0017
        14            -0.0029
        15             0.0018
        16            -0.0016
        17            -0.0006
        18             0.0013
        19            -0.0059
        20            -0.0007
        21            -0.0015
        22             0.0003
        23            -0.0008
        24            -0.0010
        25            -0.0248
        26            -0.0006
        27             0.0173
        28            -0.0022
        29             0.0051
        30            -0.0013

     Pipe Number    Pipe Discharges
         1            -0.0054
         2            -0.6130
         3             0.0081
         4            -0.0041
         5            -0.0093
         6            -0.0046
         7            -0.0005
         8             0.0022
         9            -0.0082
        10             0.0023
        11             0.0003
        12            -0.0007
        13            -0.0012
        14            -0.0018
        15            -0.0024
        16            -0.0269
        17            -0.0004
        18             0.0010
        19             0.0012
        20             0.0004
        21            -0.0009
        22            -0.0004
        23            -0.0002
        24             0.0002
        25            -0.0007
        26            -0.0006
        27             0.0013
        28            -0.0007
        29            -0.0002
        30            -0.0011
        31            -0.0010
        32            -0.0010
        33             0.0022
        34            -0.0210
        35            -0.0004
        36             0.0043
        37             0.0008


      MAIN MENU
      1 Enter New Data for Network
      2 Generate Results and Display Output
      3 Quit Program
      Enter your choice: